0 0.297297 0.706186 0.092664 0.103093
0 0.428571 0.597938 0.084942 0.329897
0 0.555985 0.654639 0.084942 0.216495
0 0.685328 0.538660 0.088803 0.448454
0 0.816602 0.592784 0.096525 0.329897
1 0.293436 0.811856 0.108108 0.046392
1 0.422780 0.809278 0.111969 0.041237
1 0.557915 0.814433 0.111969 0.051546
1 0.687259 0.814433 0.108108 0.051546
1 0.820463 0.814433 0.111969 0.051546
2 0.162162 0.203608 0.054054 0.056701
2 0.162162 0.311856 0.054054 0.056701
2 0.162162 0.420103 0.038610 0.056701
2 0.164093 0.541237 0.034749 0.051546
2 0.164093 0.652062 0.034749 0.046392
2 0.166023 0.762887 0.038610 0.061856
