0 0.189985 0.547248 0.124618 0.648624
0 0.336391 0.592202 0.125382 0.555046
0 0.480505 0.782110 0.127676 0.184404
0 0.623089 0.641284 0.133028 0.460550
0 0.769878 0.501376 0.131498 0.740367
0 0.912844 0.824771 0.126911 0.091743
1 0.189220 0.907798 0.080275 0.041284
1 0.335627 0.907339 0.097859 0.042202
1 0.476300 0.905505 0.108563 0.038532
1 0.625382 0.905505 0.107034 0.047706
1 0.767966 0.908257 0.115443 0.044037
1 0.912844 0.909174 0.100917 0.049541
2 0.091361 0.132110 0.034404 0.042202
2 0.089450 0.312385 0.039755 0.030275
2 0.091743 0.500917 0.035168 0.033028
2 0.091361 0.685321 0.032875 0.042202
2 0.098624 0.869725 0.022936 0.034862
