0 0.129960 0.653374 0.097222 0.441718
0 0.270833 0.705521 0.097222 0.337423
0 0.412698 0.688650 0.099206 0.377301
0 0.549603 0.639571 0.111111 0.481595
0 0.689484 0.569018 0.105159 0.616564
0 0.827381 0.535276 0.107143 0.684049
1 0.130952 0.961656 0.047619 0.046012
1 0.271825 0.961656 0.051587 0.052147
1 0.405754 0.957055 0.065476 0.049080
1 0.546627 0.960123 0.053571 0.061350
1 0.689484 0.960123 0.053571 0.055215
1 0.823413 0.958589 0.047619 0.052147
2 0.040675 0.105828 0.045635 0.064417
2 0.041667 0.299080 0.043651 0.046012
2 0.043651 0.493865 0.047619 0.049080
2 0.042659 0.684049 0.041667 0.036810
