0 0.223973 0.846269 0.080822 0.029851
0 0.334247 0.785075 0.087671 0.155224
0 0.445205 0.691791 0.082192 0.338806
0 0.552055 0.682090 0.082192 0.358209
0 0.665068 0.585821 0.080822 0.559701
0 0.774658 0.640299 0.078082 0.441791
0 0.884247 0.747761 0.086301 0.223881
1 0.226712 0.894776 0.064384 0.028358
1 0.332192 0.894776 0.064384 0.025373
1 0.443151 0.896269 0.067123 0.025373
1 0.552055 0.896269 0.065753 0.022388
1 0.662329 0.896269 0.072603 0.025373
1 0.771233 0.897761 0.071233 0.031343
1 0.885616 0.897761 0.064384 0.025373
2 0.096575 0.233582 0.039726 0.031343
2 0.095890 0.442537 0.027397 0.025373
2 0.097260 0.653731 0.030137 0.032836
