0 0.233447 0.626096 0.039049 0.348684
0 0.389643 0.515351 0.045840 0.574561
0 0.543294 0.536184 0.040747 0.532895
0 0.699491 0.581140 0.040747 0.447368
0 0.855688 0.645833 0.044143 0.304825
1 0.254669 0.858553 0.118846 0.041667
1 0.413413 0.856360 0.117148 0.046053
1 0.566214 0.860746 0.161290 0.037281
1 0.722411 0.860746 0.134126 0.037281
1 0.876910 0.856360 0.100170 0.046053
2 0.139219 0.133772 0.054329 0.035088
2 0.137521 0.244518 0.044143 0.041667
2 0.137521 0.356360 0.044143 0.041667
2 0.135823 0.467105 0.037351 0.043860
2 0.139219 0.578947 0.050934 0.057018
2 0.143463 0.695175 0.032258 0.052632
2 0.147708 0.805921 0.030560 0.050439
