0 0.149635 0.716431 0.090511 0.249117
0 0.301095 0.732332 0.086861 0.220848
0 0.453285 0.734099 0.086131 0.196113
0 0.603285 0.601590 0.091241 0.461131
0 0.756569 0.682862 0.086861 0.309187
0 0.906204 0.641343 0.089781 0.399293
1 0.152920 0.898410 0.148175 0.079505
1 0.302555 0.908127 0.094161 0.053004
1 0.456569 0.901060 0.101460 0.063604
1 0.606569 0.901943 0.110949 0.058304
1 0.765693 0.902827 0.119708 0.056537
1 0.907299 0.899293 0.121168 0.081272
2 0.039051 0.293286 0.029927 0.063604
2 0.043431 0.564488 0.035766 0.061837
2 0.044161 0.840106 0.018248 0.072438
