0 0.180986 0.635843 0.105807 0.525368
0 0.356802 0.665303 0.104216 0.476268
0 0.537391 0.622750 0.102625 0.554828
0 0.713206 0.514730 0.104216 0.770867
0 0.892204 0.539280 0.101034 0.715221
1 0.179395 0.961538 0.110581 0.057283
1 0.356802 0.954173 0.096261 0.058920
1 0.536993 0.959902 0.151154 0.060556
1 0.714399 0.958265 0.154336 0.054010
1 0.893795 0.959902 0.156722 0.054010
2 0.027049 0.065466 0.033413 0.055646
2 0.032617 0.278232 0.027049 0.062193
2 0.033413 0.486907 0.031822 0.067103
2 0.032220 0.694763 0.029435 0.060556
2 0.040573 0.906710 0.027049 0.045827
