0 0.156899 0.837156 0.094017 0.013761
0 0.261294 0.826453 0.092796 0.025994
0 0.363248 0.816514 0.096459 0.048930
0 0.464591 0.793578 0.091575 0.097859
0 0.570818 0.764526 0.091575 0.155963
0 0.673382 0.709480 0.094017 0.266055
0 0.777167 0.623089 0.089133 0.444954
0 0.877289 0.519113 0.089133 0.649847
1 0.161783 0.883792 0.050061 0.039755
1 0.260073 0.880734 0.061050 0.036697
1 0.360195 0.879969 0.053724 0.038226
1 0.465812 0.883792 0.052503 0.033639
1 0.569597 0.883792 0.054945 0.030581
1 0.672161 0.883792 0.052503 0.027523
1 0.780220 0.882263 0.058608 0.030581
1 0.876068 0.884557 0.054945 0.035168
2 0.050672 0.162080 0.015873 0.033639
2 0.050672 0.230887 0.028083 0.021407
2 0.048230 0.296636 0.023199 0.042813
2 0.048840 0.366972 0.019536 0.039755
2 0.051282 0.433486 0.014652 0.025994
2 0.051282 0.504587 0.017094 0.039755
2 0.053114 0.569572 0.013431 0.032110
2 0.054945 0.638379 0.012210 0.029052
2 0.054335 0.708716 0.018315 0.025994
2 0.050672 0.772936 0.020757 0.029052
2 0.052503 0.845566 0.014652 0.036697
