0 0.213333 0.756890 0.103333 0.190945
0 0.377500 0.724409 0.101667 0.255906
0 0.544167 0.657480 0.101667 0.377953
0 0.715000 0.692913 0.100000 0.314961
0 0.881667 0.595472 0.100000 0.501969
1 0.213333 0.889764 0.076667 0.051181
1 0.375833 0.890748 0.101667 0.045276
1 0.542500 0.889764 0.118333 0.043307
1 0.708333 0.892717 0.096667 0.049213
1 0.875833 0.891732 0.155000 0.055118
2 0.098333 0.211614 0.040000 0.029528
2 0.099167 0.373031 0.038333 0.041339
2 0.099167 0.533465 0.048333 0.051181
2 0.105833 0.695866 0.031667 0.045276
2 0.098333 0.850394 0.036667 0.031496
