0 0.279762 0.599237 0.107143 0.554198
0 0.431122 0.657252 0.107143 0.432061
0 0.581633 0.534351 0.108844 0.680916
0 0.731293 0.697710 0.095238 0.354198
0 0.884354 0.673282 0.102041 0.396947
1 0.272109 0.919847 0.091837 0.038168
1 0.427721 0.917557 0.120748 0.042748
1 0.582483 0.919084 0.134354 0.042748
1 0.732993 0.917557 0.102041 0.033588
1 0.882653 0.916031 0.102041 0.039695
2 0.136905 0.086260 0.093537 0.032061
2 0.136905 0.242748 0.086735 0.051908
2 0.140306 0.396183 0.079932 0.032061
2 0.142857 0.558779 0.074830 0.036641
2 0.139456 0.713740 0.091837 0.038168
2 0.166667 0.874809 0.030612 0.036641
