0 0.198734 0.563140 0.118987 0.648464
0 0.343038 0.576792 0.118987 0.627986
0 0.479747 0.535836 0.118987 0.723549
0 0.618987 0.493174 0.113924 0.808874
0 0.760759 0.563140 0.113924 0.662116
0 0.898734 0.568259 0.116456 0.638225
1 0.201266 0.935154 0.124051 0.047782
1 0.344304 0.931741 0.126582 0.054608
1 0.484810 0.935154 0.118987 0.040956
1 0.618987 0.935154 0.108861 0.034130
1 0.760759 0.936860 0.129114 0.037543
1 0.898734 0.930034 0.121519 0.044369
2 0.083544 0.155290 0.035443 0.037543
2 0.083544 0.394198 0.040506 0.030717
2 0.092405 0.645051 0.017722 0.040956
2 0.108861 0.894198 0.020253 0.040956
