0 0.282143 0.600000 0.092857 0.254545
0 0.421429 0.558442 0.090476 0.337662
0 0.560714 0.511688 0.092857 0.441558
0 0.697619 0.567532 0.090476 0.324675
0 0.832143 0.446753 0.088095 0.561039
1 0.276190 0.770130 0.114286 0.054545
1 0.426190 0.767532 0.119048 0.049351
1 0.555952 0.775325 0.092857 0.054545
1 0.684524 0.772727 0.107143 0.044156
1 0.835714 0.774026 0.109524 0.046753
2 0.116667 0.145455 0.076190 0.067532
2 0.117857 0.241558 0.059524 0.067532
2 0.119048 0.340260 0.066667 0.062338
2 0.119048 0.441558 0.061905 0.057143
2 0.114286 0.548052 0.066667 0.051948
2 0.120238 0.649351 0.064286 0.051948
