0 0.204167 0.649087 0.101667 0.405680
0 0.375000 0.549696 0.096667 0.584178
0 0.546667 0.712982 0.100000 0.269777
0 0.716667 0.578093 0.100000 0.535497
0 0.890833 0.779919 0.098333 0.131846
1 0.204167 0.889452 0.141667 0.042596
1 0.377500 0.889452 0.115000 0.042596
1 0.548333 0.889452 0.116667 0.046653
1 0.718333 0.889452 0.120000 0.050710
1 0.886667 0.889452 0.120000 0.046653
2 0.091667 0.173428 0.046667 0.058824
2 0.091667 0.346856 0.040000 0.060852
2 0.089167 0.509128 0.045000 0.040568
2 0.088333 0.679513 0.046667 0.040568
2 0.092500 0.844828 0.035000 0.042596
