0 0.209167 0.534908 0.101667 0.613963
0 0.372500 0.622177 0.101667 0.443532
0 0.538333 0.691992 0.100000 0.303901
0 0.708333 0.598563 0.100000 0.486653
0 0.872500 0.665298 0.098333 0.349076
1 0.204167 0.889117 0.108333 0.053388
1 0.369167 0.888090 0.135000 0.055441
1 0.543333 0.890144 0.113333 0.051335
1 0.707500 0.883984 0.105000 0.039014
1 0.876667 0.890144 0.086667 0.055441
2 0.086667 0.173511 0.040000 0.055441
2 0.086667 0.399384 0.040000 0.043121
2 0.083333 0.625257 0.026667 0.043121
2 0.088333 0.844969 0.030000 0.055441
