0 0.155960 0.649401 0.061589 0.307363
0 0.236093 0.556935 0.058940 0.480308
0 0.311921 0.547089 0.063576 0.501712
0 0.391722 0.586045 0.062914 0.430651
0 0.469205 0.598887 0.061589 0.396404
0 0.548344 0.705051 0.063576 0.190925
0 0.628808 0.713185 0.057616 0.172945
0 0.705960 0.662671 0.060927 0.273973
0 0.784437 0.605308 0.057616 0.385274
0 0.864570 0.497860 0.061589 0.607021
1 0.155960 0.845034 0.047020 0.041096
1 0.233775 0.846318 0.039735 0.041952
1 0.310927 0.845462 0.043046 0.041952
1 0.389073 0.852740 0.047020 0.049658
1 0.469536 0.843750 0.052980 0.036815
1 0.548675 0.846318 0.036424 0.031678
1 0.624503 0.845890 0.051656 0.030822
1 0.705629 0.845890 0.057616 0.041096
1 0.781126 0.848887 0.057616 0.036815
1 0.857616 0.849315 0.051656 0.030822
2 0.096358 0.197774 0.036424 0.037671
2 0.078146 0.340325 0.038411 0.033390
2 0.096689 0.502140 0.031788 0.033390
2 0.086424 0.649401 0.024503 0.028253
2 0.114901 0.818065 0.013907 0.023116
