0 0.217871 0.493174 0.142570 0.808874
0 0.386546 0.581911 0.146586 0.624573
0 0.554217 0.648464 0.144578 0.505119
0 0.723896 0.800341 0.142570 0.187713
0 0.892570 0.853242 0.142570 0.095563
1 0.220884 0.931741 0.076305 0.054608
1 0.387550 0.924915 0.124498 0.047782
1 0.554217 0.936860 0.116466 0.058020
1 0.723896 0.933447 0.138554 0.051195
1 0.891566 0.935154 0.060241 0.047782
2 0.082329 0.196246 0.024096 0.044369
2 0.084337 0.370307 0.024096 0.051195
2 0.081325 0.540956 0.034137 0.037543
2 0.083333 0.716724 0.026104 0.047782
2 0.088353 0.890785 0.012048 0.047782
