0 0.217026 0.788301 0.069544 0.094708
0 0.320144 0.746518 0.064748 0.194986
0 0.425659 0.643454 0.064748 0.395543
0 0.537170 0.693593 0.067146 0.289694
0 0.649880 0.540390 0.067146 0.601671
0 0.763789 0.743733 0.064748 0.189415
1 0.224221 0.878830 0.055156 0.058496
1 0.322542 0.884401 0.055156 0.058496
1 0.425659 0.884401 0.045564 0.075209
1 0.538369 0.880223 0.050360 0.061281
1 0.652278 0.884401 0.057554 0.052925
1 0.762590 0.881616 0.057554 0.052925
1 0.858513 0.884401 0.081535 0.058496
2 0.115108 0.132312 0.043165 0.058496
2 0.115108 0.225627 0.023981 0.066852
2 0.117506 0.332869 0.033573 0.052925
2 0.122302 0.435933 0.023981 0.041783
2 0.125899 0.540390 0.026379 0.050139
2 0.118705 0.643454 0.031175 0.044568
2 0.111511 0.738162 0.040767 0.050139
