0 0.205635 0.525416 0.077938 0.453789
0 0.307854 0.644640 0.078537 0.224584
0 0.408573 0.685305 0.078537 0.145102
0 0.509592 0.706100 0.077938 0.097967
0 0.609712 0.714418 0.083933 0.083179
0 0.709832 0.717190 0.081535 0.079482
0 0.810552 0.731978 0.077938 0.051756
1 0.208034 0.808226 0.055156 0.030499
1 0.306655 0.807301 0.044964 0.034196
1 0.410971 0.809612 0.041367 0.036969
1 0.506894 0.807301 0.052158 0.041590
1 0.608213 0.809150 0.065348 0.037893
1 0.707734 0.810998 0.076139 0.036044
1 0.810552 0.806377 0.043165 0.034196
2 0.149580 0.213031 0.023381 0.039741
2 0.134892 0.344732 0.020384 0.033272
2 0.146283 0.483364 0.019185 0.035120
2 0.132494 0.617375 0.016787 0.025878
2 0.160372 0.777264 0.024580 0.027726
