0 0.154696 0.788095 0.066298 0.100000
0 0.301105 0.735714 0.060773 0.204762
0 0.448895 0.561905 0.063536 0.552381
0 0.598066 0.661905 0.052486 0.352381
0 0.744475 0.802381 0.058011 0.080952
1 0.151934 0.890476 0.066298 0.047619
1 0.303867 0.888095 0.066298 0.052381
1 0.448895 0.892857 0.052486 0.061905
1 0.600829 0.890476 0.074586 0.047619
1 0.743094 0.890476 0.099448 0.076190
2 0.046961 0.180952 0.038674 0.057143
2 0.046961 0.269048 0.044199 0.061905
2 0.045580 0.350000 0.046961 0.052381
2 0.044199 0.433333 0.044199 0.047619
2 0.045580 0.507143 0.041436 0.042857
2 0.046961 0.592857 0.049724 0.052381
2 0.044199 0.678571 0.044199 0.052381
2 0.048343 0.754762 0.041436 0.042857
2 0.052486 0.838095 0.027624 0.047619
