0 0.169492 0.674901 0.086864 0.472332
0 0.388771 0.729249 0.086864 0.343874
0 0.613347 0.558300 0.084746 0.701581
0 0.831038 0.497036 0.090042 0.816206
1 0.168432 0.929842 0.025424 0.025692
1 0.390360 0.934783 0.045551 0.023715
1 0.609110 0.931818 0.036017 0.021739
1 0.830508 0.933794 0.052966 0.021739
2 0.072034 0.093874 0.014831 0.041502
2 0.070445 0.203557 0.011653 0.039526
2 0.070975 0.321146 0.014831 0.037549
2 0.070975 0.431818 0.027542 0.037549
2 0.069386 0.557312 0.015890 0.031621
2 0.072034 0.672925 0.014831 0.033597
2 0.074153 0.789526 0.016949 0.025692
