0 0.192513 0.477811 0.165775 0.866864
0 0.362299 0.693787 0.173797 0.428994
0 0.534759 0.767751 0.165775 0.286982
0 0.703209 0.801775 0.165775 0.213018
0 0.872995 0.838757 0.173797 0.139053
1 0.189840 0.931953 0.101604 0.035503
1 0.360963 0.936391 0.155080 0.038462
1 0.533422 0.939349 0.147059 0.044379
1 0.697861 0.934911 0.080214 0.041420
1 0.868984 0.936391 0.096257 0.038462
2 0.057487 0.045858 0.045455 0.062130
2 0.056150 0.110947 0.048128 0.044379
2 0.054813 0.181953 0.056150 0.050296
2 0.058824 0.257396 0.042781 0.053254
2 0.064171 0.328402 0.032086 0.053254
2 0.061497 0.400888 0.037433 0.050296
2 0.064171 0.479290 0.037433 0.059172
2 0.056150 0.551775 0.042781 0.050296
2 0.064171 0.627219 0.032086 0.041420
2 0.054813 0.701183 0.050802 0.059172
2 0.054813 0.766272 0.050802 0.059172
2 0.061497 0.843195 0.042781 0.053254
2 0.056150 0.917160 0.048128 0.041420
