0 0.174089 0.647910 0.101215 0.421222
0 0.286437 0.538585 0.095142 0.627010
0 0.398785 0.644695 0.093117 0.414791
0 0.511134 0.641479 0.099190 0.414791
0 0.623482 0.749196 0.097166 0.205788
0 0.734818 0.749196 0.097166 0.205788
1 0.177126 0.914791 0.034413 0.067524
1 0.293522 0.918006 0.048583 0.073955
1 0.405870 0.921222 0.046559 0.080386
1 0.509109 0.914791 0.046559 0.073955
1 0.627530 0.924437 0.044534 0.073955
1 0.741903 0.921222 0.066802 0.080386
2 0.070850 0.220257 0.032389 0.073955
2 0.068826 0.430868 0.036437 0.077170
2 0.064777 0.652733 0.040486 0.083601
