0 0.234615 0.684971 0.084615 0.236994
0 0.440385 0.511561 0.080769 0.583815
0 0.642308 0.543353 0.084615 0.520231
0 0.844231 0.687861 0.080769 0.242775
1 0.248077 0.846821 0.126923 0.052023
1 0.442308 0.846821 0.069231 0.063584
1 0.638462 0.846821 0.115385 0.063584
1 0.850000 0.849711 0.130769 0.069364
2 0.105769 0.167630 0.050000 0.057803
2 0.107692 0.242775 0.046154 0.057803
2 0.101923 0.320809 0.050000 0.063584
2 0.105769 0.407514 0.050000 0.063584
2 0.107692 0.485549 0.038462 0.069364
2 0.107692 0.557803 0.030769 0.052023
2 0.107692 0.641618 0.030769 0.057803
2 0.115385 0.725434 0.023077 0.075145
2 0.107692 0.797688 0.046154 0.057803
