0 0.112483 0.600000 0.093278 0.530000
0 0.243484 0.627500 0.091907 0.490000
0 0.373800 0.538750 0.094650 0.657500
0 0.508230 0.537500 0.097394 0.670000
0 0.641289 0.636250 0.094650 0.452500
0 0.773663 0.642500 0.096022 0.460000
0 0.906036 0.708750 0.091907 0.327500
1 0.111797 0.920000 0.089163 0.070000
1 0.245542 0.913750 0.085048 0.082500
1 0.373800 0.918750 0.067215 0.062500
1 0.511660 0.925000 0.054870 0.070000
1 0.639918 0.921250 0.058985 0.072500
1 0.773663 0.926250 0.060357 0.082500
1 0.904664 0.925000 0.048011 0.080000
2 0.023320 0.125000 0.027435 0.050000
2 0.023320 0.206250 0.032922 0.057500
2 0.021262 0.292500 0.034294 0.045000
2 0.017833 0.375000 0.032922 0.065000
2 0.021262 0.453750 0.026063 0.067500
2 0.020576 0.538750 0.030178 0.042500
2 0.021262 0.616250 0.028807 0.052500
2 0.019204 0.706250 0.032922 0.042500
2 0.019890 0.790000 0.031550 0.045000
2 0.020576 0.880000 0.027435 0.055000
