0 0.233125 0.768503 0.066250 0.053356
0 0.395625 0.469880 0.068750 0.640275
0 0.560000 0.749570 0.065000 0.080895
0 0.725000 0.746988 0.065000 0.092943
0 0.888750 0.783133 0.070000 0.017212
1 0.234375 0.862306 0.113750 0.068847
1 0.386875 0.855422 0.131250 0.065404
1 0.554375 0.858864 0.158750 0.065404
1 0.719375 0.858003 0.143750 0.067126
1 0.899375 0.858003 0.176250 0.060241
2 0.100625 0.059380 0.063750 0.063683
2 0.101875 0.183305 0.073750 0.043029
2 0.097500 0.302065 0.077500 0.067126
2 0.100625 0.423408 0.073750 0.055077
2 0.100000 0.542169 0.080000 0.055077
2 0.100625 0.661790 0.071250 0.049914
2 0.124375 0.783993 0.026250 0.056799
