0 0.207143 0.789286 0.050000 0.202381
0 0.269643 0.758333 0.053571 0.245238
0 0.331250 0.747619 0.048214 0.290476
0 0.392857 0.719048 0.042857 0.333333
0 0.452679 0.710714 0.048214 0.345238
0 0.517857 0.679762 0.053571 0.397619
0 0.580357 0.644048 0.046429 0.483333
0 0.642857 0.615476 0.050000 0.554762
0 0.705357 0.582143 0.046429 0.607143
0 0.770536 0.550000 0.051786 0.671429
0 0.832143 0.504762 0.050000 0.766667
1 0.206250 0.916667 0.030357 0.042857
1 0.266071 0.922619 0.025000 0.050000
1 0.330357 0.916667 0.021429 0.042857
1 0.392857 0.920238 0.028571 0.040476
1 0.453571 0.919048 0.025000 0.047619
1 0.515179 0.916667 0.037500 0.033333
1 0.576786 0.921429 0.032143 0.047619
1 0.645536 0.921429 0.033929 0.042857
1 0.703571 0.920238 0.035714 0.045238
1 0.770536 0.916667 0.041071 0.038095
1 0.830357 0.915476 0.039286 0.054762
2 0.104464 0.073810 0.044643 0.052381
2 0.104464 0.204762 0.044643 0.052381
2 0.100000 0.339286 0.046429 0.050000
2 0.098214 0.482143 0.042857 0.050000
2 0.106250 0.616667 0.044643 0.042857
2 0.106250 0.757143 0.037500 0.047619
2 0.115179 0.888095 0.026786 0.042857
