0 0.275893 0.821429 0.130357 0.138095
0 0.436607 0.746429 0.123214 0.283333
0 0.597321 0.665476 0.130357 0.450000
0 0.760714 0.535714 0.128571 0.704762
1 0.275000 0.922619 0.071429 0.045238
1 0.439286 0.920238 0.092857 0.054762
1 0.594643 0.928571 0.082143 0.061905
1 0.758036 0.928571 0.133929 0.057143
2 0.108036 0.075000 0.033929 0.045238
2 0.101786 0.204762 0.042857 0.052381
2 0.110714 0.344048 0.028571 0.045238
2 0.103571 0.486905 0.039286 0.059524
2 0.108036 0.619048 0.033929 0.047619
2 0.107143 0.752381 0.035714 0.038095
2 0.108929 0.891667 0.032143 0.045238
