0 0.117284 0.599509 0.091907 0.525799
0 0.249657 0.620393 0.090535 0.474201
0 0.378601 0.534398 0.093278 0.646192
0 0.513717 0.535627 0.094650 0.653563
0 0.645405 0.630221 0.091907 0.449631
0 0.777778 0.641278 0.090535 0.437346
0 0.909465 0.700246 0.093278 0.319410
1 0.117284 0.912776 0.083676 0.061425
1 0.249657 0.917690 0.085048 0.076167
1 0.386145 0.915233 0.069959 0.051597
1 0.514403 0.905405 0.046639 0.066339
1 0.642661 0.914005 0.048011 0.054054
1 0.775720 0.915233 0.061728 0.071253
1 0.903978 0.914005 0.052126 0.049140
2 0.024005 0.133907 0.034294 0.046683
2 0.026063 0.216216 0.032922 0.044226
2 0.021948 0.292383 0.038409 0.044226
2 0.022634 0.378378 0.028807 0.054054
2 0.024005 0.455774 0.034294 0.041769
2 0.026749 0.536855 0.026063 0.056511
2 0.024005 0.624079 0.028807 0.039312
2 0.024005 0.706388 0.031550 0.041769
2 0.026749 0.787469 0.026063 0.041769
2 0.024005 0.868550 0.023320 0.041769
