0 0.206250 0.790476 0.051786 0.200000
0 0.267857 0.765476 0.050000 0.250000
0 0.330357 0.748810 0.050000 0.283333
0 0.394643 0.723810 0.046429 0.333333
0 0.453571 0.714286 0.050000 0.357143
0 0.520536 0.689286 0.044643 0.407143
0 0.582143 0.645238 0.042857 0.480952
0 0.642857 0.614286 0.046429 0.552381
0 0.705357 0.582143 0.046429 0.611905
0 0.766071 0.553571 0.053571 0.678571
0 0.830357 0.510714 0.046429 0.759524
1 0.205357 0.921429 0.021429 0.038095
1 0.266964 0.922619 0.023214 0.035714
1 0.329464 0.922619 0.033929 0.045238
1 0.390179 0.921429 0.016071 0.038095
1 0.451786 0.921429 0.021429 0.042857
1 0.520536 0.925000 0.026786 0.050000
1 0.576786 0.923810 0.028571 0.052381
1 0.639286 0.922619 0.025000 0.045238
1 0.703571 0.923810 0.028571 0.047619
1 0.768750 0.921429 0.026786 0.042857
1 0.831250 0.921429 0.026786 0.042857
2 0.102679 0.071429 0.051786 0.052381
2 0.096429 0.204762 0.053571 0.042857
2 0.099107 0.344048 0.044643 0.050000
2 0.101786 0.480952 0.050000 0.057143
2 0.100000 0.619048 0.053571 0.042857
2 0.108929 0.755952 0.032143 0.035714
2 0.111607 0.889286 0.026786 0.050000
