0 0.151589 0.548429 0.024450 0.698953
0 0.290954 0.573298 0.034230 0.649215
0 0.429095 0.534031 0.026895 0.727749
0 0.567237 0.548429 0.039120 0.698953
0 0.705379 0.490838 0.031785 0.803665
0 0.844743 0.678010 0.031785 0.434555
1 0.184597 0.951571 0.080685 0.054974
1 0.325183 0.947644 0.083130 0.057592
1 0.458435 0.947644 0.070905 0.057592
1 0.599022 0.952880 0.073350 0.052356
1 0.734719 0.950262 0.095355 0.057592
1 0.872861 0.950262 0.097800 0.057592
2 0.047677 0.030105 0.061125 0.044503
2 0.046455 0.137435 0.078240 0.060209
2 0.046455 0.247382 0.063570 0.065445
2 0.048900 0.353403 0.068460 0.052356
2 0.057457 0.471204 0.046455 0.068063
2 0.061125 0.569372 0.058680 0.044503
2 0.058680 0.684555 0.058680 0.044503
2 0.057457 0.789267 0.051345 0.060209
2 0.068460 0.896597 0.034230 0.044503
