0 0.182371 0.564039 0.103343 0.487685
0 0.354103 0.497537 0.100304 0.630542
0 0.528875 0.743842 0.103343 0.137931
0 0.703647 0.672414 0.100304 0.280788
0 0.870821 0.536946 0.100304 0.551724
1 0.185410 0.874384 0.030395 0.113300
1 0.358663 0.874384 0.048632 0.103448
1 0.530395 0.869458 0.039514 0.083744
1 0.708207 0.881773 0.048632 0.098522
1 0.873860 0.866995 0.033435 0.098522
2 0.042553 0.128079 0.060790 0.088670
2 0.048632 0.266010 0.060790 0.098522
2 0.050152 0.403941 0.051672 0.098522
2 0.050152 0.546798 0.033435 0.108374
2 0.050152 0.692118 0.051672 0.093596
2 0.051672 0.834975 0.054711 0.103448
