0 0.204819 0.578125 0.067470 0.322917
0 0.301205 0.497396 0.067470 0.463542
0 0.398795 0.416667 0.069880 0.635417
0 0.497590 0.497396 0.055422 0.473958
0 0.593976 0.572917 0.060241 0.312500
0 0.689157 0.632812 0.067470 0.192708
0 0.787952 0.682292 0.067470 0.093750
0 0.884337 0.708333 0.067470 0.052083
1 0.210843 0.796875 0.021687 0.104167
1 0.308434 0.789062 0.038554 0.098958
1 0.402410 0.794271 0.024096 0.098958
1 0.498795 0.796875 0.038554 0.104167
1 0.595181 0.796875 0.043373 0.104167
1 0.689157 0.789062 0.048193 0.098958
1 0.787952 0.794271 0.038554 0.098958
1 0.883133 0.799479 0.036145 0.098958
2 0.098795 0.075521 0.057831 0.098958
2 0.106024 0.187500 0.057831 0.093750
2 0.100000 0.296875 0.036145 0.104167
2 0.112048 0.393229 0.031325 0.109375
2 0.109639 0.507812 0.050602 0.088542
2 0.100000 0.617188 0.060241 0.098958
2 0.110843 0.729167 0.048193 0.125000
