0 0.266990 0.537037 0.126214 0.680912
0 0.475728 0.650997 0.122977 0.452991
0 0.677994 0.678063 0.119741 0.393162
0 0.883495 0.482906 0.122977 0.794872
1 0.265372 0.910256 0.155340 0.048433
1 0.477346 0.911681 0.177994 0.039886
1 0.686084 0.913105 0.103560 0.048433
1 0.885113 0.911681 0.087379 0.051282
2 0.121359 0.085470 0.067961 0.051282
2 0.119741 0.198006 0.077670 0.054131
2 0.121359 0.309117 0.074434 0.042735
2 0.122977 0.427350 0.064725 0.045584
2 0.126214 0.537037 0.051780 0.042735
2 0.121359 0.655271 0.061489 0.056980
2 0.121359 0.764957 0.061489 0.042735
2 0.127832 0.881766 0.048544 0.065527
