0 0.184140 0.638211 0.034946 0.517615
0 0.352151 0.525745 0.043011 0.737127
0 0.514785 0.593496 0.034946 0.607046
0 0.681452 0.769648 0.040323 0.260163
0 0.845430 0.505420 0.034946 0.783198
1 0.223118 0.949864 0.102151 0.046070
1 0.384409 0.951220 0.139785 0.048780
1 0.553763 0.953930 0.102151 0.043360
1 0.715054 0.952575 0.134409 0.051491
1 0.883065 0.951220 0.099462 0.054201
2 0.061828 0.028455 0.107527 0.051491
2 0.068548 0.112466 0.072581 0.046070
2 0.072581 0.193767 0.091398 0.046070
2 0.071237 0.285908 0.094086 0.051491
2 0.068548 0.375339 0.088710 0.046070
2 0.067204 0.459350 0.069892 0.046070
2 0.068548 0.546070 0.077957 0.046070
2 0.069892 0.642276 0.086022 0.054201
2 0.059140 0.726287 0.086022 0.048780
2 0.065860 0.813008 0.083333 0.043360
2 0.081989 0.899729 0.040323 0.059621
