0 0.266129 0.541193 0.119355 0.678977
0 0.472581 0.649148 0.125806 0.457386
0 0.674194 0.677557 0.122581 0.389205
0 0.882258 0.477273 0.119355 0.789773
1 0.274194 0.907670 0.161290 0.036932
1 0.475806 0.907670 0.183871 0.042614
1 0.685484 0.907670 0.100000 0.048295
1 0.883871 0.909091 0.103226 0.051136
2 0.117742 0.088068 0.048387 0.051136
2 0.117742 0.144886 0.048387 0.051136
2 0.116129 0.200284 0.051613 0.048295
2 0.122581 0.254261 0.058065 0.048295
2 0.119355 0.308239 0.058065 0.042614
2 0.122581 0.363636 0.045161 0.039773
2 0.125806 0.427557 0.032258 0.048295
2 0.129032 0.487216 0.045161 0.036932
2 0.127419 0.546875 0.048387 0.042614
2 0.125806 0.598011 0.038710 0.036932
2 0.125806 0.653409 0.025806 0.039773
2 0.130645 0.711648 0.041935 0.031250
2 0.124194 0.769886 0.061290 0.056818
2 0.127419 0.828125 0.035484 0.042614
