0 0.197321 0.786905 0.026786 0.192857
0 0.260714 0.763095 0.028571 0.245238
0 0.321429 0.747619 0.025000 0.280952
0 0.389286 0.720238 0.025000 0.326190
0 0.452679 0.713095 0.023214 0.354762
0 0.516071 0.685714 0.025000 0.400000
0 0.581250 0.650000 0.030357 0.485714
0 0.648214 0.614286 0.025000 0.552381
0 0.713393 0.580952 0.026786 0.614286
0 0.777679 0.554762 0.026786 0.671429
0 0.840179 0.505952 0.023214 0.759524
1 0.191964 0.919048 0.019643 0.038095
1 0.258036 0.916667 0.026786 0.047619
1 0.324107 0.920238 0.033929 0.035714
1 0.389286 0.919048 0.028571 0.047619
1 0.453571 0.922619 0.035714 0.035714
1 0.515179 0.919048 0.030357 0.047619
1 0.579464 0.921429 0.026786 0.033333
1 0.649107 0.916667 0.037500 0.042857
1 0.711607 0.925000 0.026786 0.045238
1 0.776786 0.927381 0.042857 0.054762
1 0.846429 0.921429 0.042857 0.052381
2 0.102679 0.073810 0.051786 0.047619
2 0.096429 0.208333 0.057143 0.059524
2 0.091964 0.346429 0.055357 0.050000
2 0.100893 0.483333 0.048214 0.047619
2 0.093750 0.621429 0.062500 0.047619
2 0.106250 0.755952 0.037500 0.054762
2 0.111607 0.894048 0.037500 0.045238
