0 0.181431 0.641927 0.083475 0.393229
0 0.359455 0.522786 0.085179 0.628906
0 0.542589 0.551432 0.086882 0.579427
0 0.722317 0.595052 0.083475 0.492188
0 0.899063 0.671875 0.087734 0.341146
1 0.182709 0.880859 0.086031 0.040365
1 0.362436 0.879557 0.092845 0.045573
1 0.538756 0.883464 0.125213 0.050781
1 0.720187 0.876953 0.108177 0.042969
1 0.897359 0.879557 0.067291 0.053385
2 0.054940 0.105469 0.029813 0.049479
2 0.053237 0.222656 0.040034 0.039062
2 0.051107 0.348307 0.035775 0.053385
2 0.052385 0.473958 0.028109 0.054688
2 0.054940 0.594401 0.036627 0.042969
2 0.057496 0.722005 0.022998 0.058594
2 0.053237 0.849609 0.034923 0.045573
