0 0.117857 0.560390 0.087500 0.671429
0 0.232143 0.511039 0.089286 0.759740
0 0.338839 0.520779 0.091964 0.748052
0 0.450893 0.548701 0.089286 0.681818
0 0.559375 0.546753 0.086607 0.693506
0 0.671875 0.553247 0.088393 0.685714
0 0.780357 0.577922 0.089286 0.636364
0 0.891964 0.577922 0.089286 0.636364
1 0.119643 0.955844 0.050000 0.038961
1 0.232589 0.960390 0.059821 0.045455
1 0.337946 0.950649 0.058036 0.049351
1 0.445536 0.953896 0.066071 0.040260
1 0.555357 0.956494 0.048214 0.040260
1 0.667411 0.950649 0.052679 0.046753
1 0.783929 0.955844 0.057143 0.046753
1 0.897321 0.962338 0.058929 0.046753
2 0.034375 0.129221 0.061607 0.058442
2 0.035268 0.319481 0.056250 0.038961
2 0.036161 0.518831 0.054464 0.050649
2 0.035714 0.709740 0.048214 0.050649
