0 0.213393 0.555952 0.055357 0.664286
0 0.280357 0.520238 0.050000 0.740476
0 0.348214 0.838095 0.057143 0.100000
0 0.416964 0.515476 0.058929 0.740476
0 0.483929 0.628571 0.057143 0.504762
0 0.552679 0.850000 0.058929 0.071429
0 0.622321 0.772619 0.055357 0.226190
0 0.687500 0.661905 0.060714 0.442857
0 0.758929 0.498810 0.053571 0.778571
0 0.825893 0.494048 0.051786 0.788095
1 0.214286 0.919048 0.028571 0.038095
1 0.277679 0.917857 0.023214 0.040476
1 0.347321 0.919048 0.026786 0.028571
1 0.416071 0.919048 0.035714 0.047619
1 0.480357 0.915476 0.039286 0.030952
1 0.549107 0.923810 0.019643 0.047619
1 0.620536 0.920238 0.037500 0.045238
1 0.686607 0.920238 0.033929 0.040476
1 0.756250 0.917857 0.037500 0.035714
1 0.827679 0.920238 0.033929 0.045238
2 0.114286 0.071429 0.025000 0.047619
2 0.116964 0.152381 0.023214 0.038095
2 0.116071 0.238095 0.014286 0.047619
2 0.115179 0.316667 0.030357 0.047619
2 0.116071 0.398810 0.010714 0.045238
2 0.116964 0.486905 0.026786 0.045238
2 0.116071 0.565476 0.025000 0.045238
2 0.118750 0.644048 0.023214 0.040476
2 0.115179 0.727381 0.019643 0.064286
2 0.116964 0.815476 0.019643 0.059524
2 0.119643 0.888095 0.021429 0.042857
