0 0.258125 0.561062 0.201250 0.633628
0 0.466875 0.498230 0.208750 0.748673
0 0.675000 0.705310 0.205000 0.330973
0 0.878125 0.813274 0.203750 0.115044
1 0.258125 0.905310 0.098750 0.047788
1 0.471875 0.909735 0.226250 0.042478
1 0.676250 0.929204 0.172500 0.113274
1 0.886250 0.932743 0.187500 0.099115
2 0.105625 0.065487 0.071250 0.077876
2 0.108750 0.169027 0.065000 0.044248
2 0.105000 0.270796 0.075000 0.053097
2 0.105625 0.366372 0.073750 0.060177
2 0.112500 0.469912 0.060000 0.051327
2 0.109375 0.568142 0.061250 0.060177
2 0.116250 0.673451 0.067500 0.058407
2 0.112500 0.776106 0.060000 0.061947
2 0.125000 0.873451 0.050000 0.065487
