0 0.260625 0.553136 0.193750 0.608014
0 0.460000 0.494774 0.195000 0.738676
0 0.660000 0.701220 0.197500 0.332753
0 0.859375 0.808362 0.203750 0.114983
1 0.241250 0.907666 0.130000 0.066202
1 0.456250 0.908537 0.225000 0.054007
1 0.666875 0.927700 0.181250 0.095819
1 0.876875 0.932056 0.183750 0.097561
2 0.123125 0.057491 0.041250 0.059233
2 0.120625 0.144599 0.053750 0.059233
2 0.120625 0.233449 0.041250 0.055749
2 0.118125 0.321429 0.048750 0.060976
2 0.122500 0.411150 0.040000 0.052265
2 0.116875 0.502613 0.051250 0.057491
2 0.121875 0.594948 0.041250 0.054007
2 0.121875 0.687282 0.043750 0.064460
2 0.125625 0.763066 0.036250 0.052265
2 0.128750 0.865854 0.055000 0.066202
