0 0.129310 0.831667 0.043103 0.136667
0 0.201509 0.773333 0.049569 0.253333
0 0.273707 0.768333 0.051724 0.270000
0 0.342672 0.703333 0.047414 0.393333
0 0.411638 0.661667 0.043103 0.483333
0 0.485991 0.593333 0.045259 0.606667
0 0.562500 0.606667 0.043103 0.593333
0 0.630388 0.543333 0.040948 0.713333
0 0.704741 0.540000 0.038793 0.720000
0 0.773707 0.538333 0.043103 0.736667
0 0.842672 0.510000 0.043103 0.786667
0 0.918103 0.518333 0.043103 0.763333
1 0.132543 0.930000 0.053879 0.046667
1 0.199353 0.921667 0.053879 0.050000
1 0.272629 0.926667 0.053879 0.053333
1 0.345905 0.925000 0.053879 0.050000
1 0.409483 0.923333 0.056034 0.060000
1 0.485991 0.935000 0.053879 0.056667
1 0.560345 0.926667 0.064655 0.060000
1 0.630388 0.931667 0.058190 0.043333
1 0.698276 0.928333 0.060345 0.043333
1 0.769397 0.930000 0.051724 0.046667
1 0.838362 0.928333 0.060345 0.043333
1 0.914871 0.931667 0.053879 0.050000
2 0.062500 0.105000 0.051724 0.050000
2 0.059267 0.218333 0.053879 0.050000
2 0.059267 0.316667 0.053879 0.060000
2 0.064655 0.445000 0.047414 0.030000
2 0.061422 0.558333 0.045259 0.036667
2 0.061422 0.668333 0.058190 0.036667
2 0.063578 0.786667 0.040948 0.060000
2 0.068966 0.905000 0.038793 0.036667
