0 0.196514 0.489919 0.066106 0.661290
0 0.300481 0.519153 0.067308 0.594758
0 0.398438 0.680444 0.068510 0.264113
0 0.500601 0.649194 0.063702 0.326613
0 0.605168 0.720766 0.068510 0.191532
1 0.197115 0.867944 0.050481 0.054435
1 0.301082 0.867944 0.049279 0.058468
1 0.401442 0.862903 0.076923 0.060484
1 0.503606 0.865927 0.096154 0.062500
1 0.602764 0.868952 0.058894 0.052419
2 0.073918 0.083669 0.022837 0.042339
2 0.069712 0.153226 0.031250 0.040323
2 0.075120 0.211694 0.025240 0.044355
2 0.078125 0.284274 0.014423 0.044355
2 0.076923 0.346774 0.026442 0.064516
2 0.074519 0.412298 0.021635 0.042339
2 0.076322 0.485887 0.027644 0.044355
2 0.073918 0.553427 0.025240 0.038306
2 0.076923 0.621976 0.016827 0.042339
2 0.078125 0.691532 0.016827 0.040323
2 0.076322 0.752016 0.025240 0.044355
2 0.079327 0.817540 0.021635 0.030242
