0 0.202524 0.779022 0.063702 0.144603
0 0.303486 0.638493 0.066106 0.421589
0 0.406250 0.512220 0.064904 0.674134
0 0.509615 0.735234 0.060096 0.232179
0 0.611178 0.659878 0.068510 0.378819
1 0.200120 0.893075 0.106971 0.042770
1 0.304688 0.892057 0.063702 0.044807
1 0.400240 0.890020 0.091346 0.052953
1 0.507212 0.894094 0.067308 0.052953
1 0.611178 0.894094 0.049279 0.052953
2 0.080529 0.123218 0.019231 0.034623
2 0.082933 0.169043 0.014423 0.032587
2 0.082332 0.215886 0.020433 0.032587
2 0.079928 0.268839 0.027644 0.040733
2 0.079327 0.317719 0.014423 0.036660
2 0.082933 0.366599 0.021635 0.028513
2 0.081731 0.419552 0.014423 0.024440
2 0.084135 0.464358 0.012019 0.048880
2 0.083534 0.520367 0.018029 0.038697
2 0.081130 0.566191 0.020433 0.032587
2 0.081130 0.618126 0.018029 0.034623
2 0.082933 0.669043 0.016827 0.038697
2 0.080529 0.720978 0.019231 0.032587
2 0.087139 0.765784 0.013221 0.032587
2 0.081130 0.820774 0.015625 0.036660
2 0.085337 0.866599 0.019231 0.046843
