0 0.210000 0.621083 0.050000 0.210826
0 0.347500 0.594017 0.055000 0.282051
0 0.485833 0.484330 0.055000 0.484330
0 0.622500 0.660969 0.055000 0.142450
0 0.879167 0.556980 0.055000 0.350427
1 0.230833 0.757835 0.095000 0.034188
1 0.347500 0.760684 0.095000 0.045584
1 0.484167 0.760684 0.138333 0.045584
1 0.630000 0.766382 0.093333 0.051282
1 0.751667 0.766382 0.080000 0.039886
1 0.875000 0.763533 0.103333 0.045584
2 0.124167 0.169516 0.021667 0.048433
2 0.118333 0.236467 0.033333 0.051282
2 0.123333 0.319088 0.020000 0.068376
2 0.119167 0.380342 0.018333 0.048433
2 0.124167 0.450142 0.021667 0.056980
2 0.115000 0.518519 0.030000 0.034188
2 0.122500 0.588319 0.021667 0.059829
2 0.121667 0.662393 0.036667 0.054131
2 0.125000 0.726496 0.040000 0.051282
