0 0.195161 0.655251 0.061290 0.219178
0 0.308871 0.507991 0.062903 0.500000
0 0.435484 0.582192 0.058065 0.360731
0 0.554839 0.688356 0.061290 0.143836
0 0.649194 0.691781 0.062903 0.141553
1 0.196774 0.801370 0.103226 0.050228
1 0.303226 0.800228 0.103226 0.043379
1 0.425806 0.796804 0.135484 0.050228
1 0.554839 0.802511 0.106452 0.047945
1 0.654839 0.802511 0.074194 0.047945
1 0.758065 0.804795 0.103226 0.043379
1 0.875806 0.802511 0.090323 0.057078
2 0.111290 0.186073 0.048387 0.047945
2 0.111290 0.257991 0.038710 0.045662
2 0.109677 0.326484 0.048387 0.059361
2 0.111290 0.398402 0.045161 0.047945
2 0.108871 0.472603 0.053226 0.050228
2 0.112097 0.543379 0.037097 0.045662
2 0.112903 0.616438 0.045161 0.054795
2 0.114516 0.686073 0.035484 0.047945
2 0.116129 0.759132 0.035484 0.057078
