0 0.259677 0.619955 0.064516 0.298206
0 0.521774 0.475336 0.062903 0.573991
0 0.808065 0.476457 0.067742 0.576233
1 0.262903 0.794843 0.100000 0.051570
1 0.521774 0.797085 0.111290 0.051570
1 0.812097 0.792601 0.127419 0.047085
2 0.110484 0.116592 0.046774 0.040359
2 0.112903 0.181614 0.054839 0.049327
2 0.112097 0.251121 0.050000 0.044843
2 0.109677 0.320628 0.051613 0.053812
2 0.117742 0.402466 0.051613 0.056054
2 0.113710 0.467489 0.050000 0.047085
2 0.123387 0.547085 0.053226 0.049327
2 0.114516 0.613229 0.067742 0.060538
2 0.115323 0.684978 0.040323 0.042601
2 0.115323 0.763453 0.050000 0.042601
