0 0.389375 0.531418 0.161250 0.614004
0 0.785625 0.765709 0.168750 0.138241
1 0.386875 0.877917 0.083750 0.050269
1 0.806250 0.880610 0.132500 0.059246
2 0.150625 0.052065 0.048750 0.061041
2 0.151875 0.133752 0.038750 0.052065
2 0.152500 0.210952 0.045000 0.048474
2 0.151875 0.289946 0.043750 0.052065
2 0.151250 0.373429 0.045000 0.053860
2 0.154375 0.449731 0.043750 0.055655
2 0.152500 0.526930 0.042500 0.059246
2 0.155000 0.614901 0.042500 0.062837
2 0.151875 0.684919 0.036250 0.048474
2 0.151875 0.768402 0.038750 0.039497
2 0.152500 0.846499 0.040000 0.044883
