0 0.391875 0.685986 0.166250 0.292388
0 0.785625 0.711073 0.168750 0.245675
1 0.386250 0.882353 0.082500 0.048443
1 0.806250 0.884083 0.125000 0.044983
2 0.145625 0.052768 0.058750 0.043253
2 0.150625 0.129758 0.041250 0.058824
2 0.151875 0.208478 0.043750 0.057093
2 0.151875 0.287197 0.041250 0.041522
2 0.151875 0.366782 0.036250 0.048443
2 0.151875 0.444637 0.036250 0.048443
2 0.152500 0.523356 0.037500 0.046713
2 0.152500 0.601211 0.042500 0.046713
2 0.151250 0.679066 0.040000 0.043253
2 0.150625 0.759516 0.036250 0.044983
2 0.158750 0.835640 0.030000 0.041522
