0 0.208829 0.736390 0.047538 0.212034
0 0.306452 0.700573 0.045840 0.283668
0 0.401528 0.663324 0.049236 0.358166
0 0.499151 0.628940 0.047538 0.415473
0 0.595076 0.594556 0.049236 0.495702
0 0.691851 0.560172 0.049236 0.553009
0 0.787776 0.525788 0.047538 0.627507
0 0.884550 0.525788 0.047538 0.633238
1 0.211375 0.888252 0.039049 0.040115
1 0.304754 0.888252 0.039049 0.040115
1 0.401528 0.888252 0.066214 0.034384
1 0.501698 0.891117 0.056027 0.045845
1 0.594228 0.893983 0.047538 0.045845
1 0.691002 0.892550 0.047538 0.031519
1 0.786078 0.891117 0.044143 0.045845
1 0.885399 0.891117 0.076401 0.034384
2 0.081494 0.143266 0.054329 0.040115
2 0.080645 0.210602 0.056027 0.048711
2 0.079796 0.277937 0.054329 0.040115
2 0.081494 0.351003 0.057725 0.037249
2 0.082343 0.418338 0.059423 0.040115
2 0.082343 0.488539 0.052632 0.042980
2 0.089134 0.563037 0.042445 0.037249
2 0.085739 0.630372 0.042445 0.040115
2 0.085739 0.703438 0.042445 0.031519
2 0.085739 0.767908 0.049236 0.045845
2 0.099321 0.845272 0.025467 0.045845
