0 0.191705 0.514177 0.050783 0.534067
0 0.263648 0.533855 0.051629 0.495556
0 0.335802 0.550994 0.050360 0.460432
0 0.408168 0.553322 0.051206 0.452391
0 0.480745 0.574058 0.050783 0.412611
0 0.553957 0.585273 0.050783 0.396107
0 0.627169 0.586754 0.052476 0.388912
0 0.699111 0.597969 0.051629 0.364791
0 0.770207 0.600931 0.052476 0.361405
0 0.842785 0.601354 0.052899 0.359712
1 0.178375 0.802793 0.070673 0.033009
1 0.263860 0.801735 0.087601 0.029200
1 0.342361 0.799408 0.060093 0.026238
1 0.412399 0.799831 0.070673 0.028777
1 0.488362 0.801100 0.067711 0.026238
1 0.554380 0.797926 0.045705 0.021583
1 0.627804 0.814219 0.076598 0.050783
1 0.694668 0.800254 0.055438 0.024545
1 0.766399 0.798984 0.082945 0.023699
1 0.844054 0.799408 0.070673 0.026238
2 0.111934 0.244393 0.067287 0.024122
2 0.113204 0.349556 0.072366 0.025391
2 0.112992 0.458527 0.066018 0.030893
2 0.110664 0.564960 0.074058 0.026238
2 0.116589 0.672239 0.060516 0.031739
