0 0.207143 0.788095 0.050000 0.204762
0 0.268750 0.764286 0.048214 0.247619
0 0.329464 0.746429 0.051786 0.288095
0 0.392857 0.722619 0.050000 0.335714
0 0.456250 0.709524 0.051786 0.352381
0 0.517857 0.680952 0.053571 0.409524
0 0.581250 0.646429 0.051786 0.488095
0 0.643750 0.611905 0.051786 0.552381
0 0.707143 0.580952 0.057143 0.614286
0 0.768750 0.548810 0.051786 0.673810
0 0.832143 0.504762 0.050000 0.761905
1 0.203571 0.920238 0.021429 0.040476
1 0.266964 0.922619 0.023214 0.040476
1 0.328571 0.919048 0.021429 0.033333
1 0.391071 0.920238 0.021429 0.040476
1 0.453571 0.922619 0.028571 0.045238
1 0.515179 0.921429 0.026786 0.047619
1 0.576786 0.921429 0.021429 0.042857
1 0.641964 0.921429 0.023214 0.042857
1 0.704464 0.917857 0.030357 0.045238
1 0.770536 0.919048 0.030357 0.038095
1 0.830357 0.920238 0.028571 0.035714
2 0.104464 0.075000 0.044643 0.035714
2 0.101786 0.208333 0.046429 0.045238
2 0.101786 0.345238 0.046429 0.033333
2 0.102679 0.482143 0.037500 0.030952
2 0.104464 0.617857 0.044643 0.035714
2 0.108036 0.754762 0.030357 0.047619
2 0.113393 0.891667 0.019643 0.040476
