0 0.224194 0.616592 0.061290 0.295964
0 0.387903 0.539238 0.062903 0.428251
0 0.549194 0.651345 0.062903 0.230942
0 0.708065 0.617713 0.064516 0.298206
0 0.867742 0.510090 0.061290 0.508969
1 0.227419 0.789238 0.080645 0.044843
1 0.392742 0.791480 0.082258 0.044843
1 0.550806 0.790359 0.095161 0.047085
1 0.706452 0.792601 0.067742 0.042601
1 0.862903 0.792601 0.083871 0.038117
2 0.114516 0.189462 0.041935 0.047085
2 0.114516 0.260090 0.038710 0.049327
2 0.112903 0.330717 0.038710 0.033632
2 0.113710 0.396861 0.040323 0.044843
2 0.115323 0.475336 0.050000 0.035874
2 0.112903 0.541480 0.041935 0.038117
2 0.112903 0.609865 0.038710 0.044843
2 0.124194 0.687220 0.022581 0.038117
2 0.121774 0.756726 0.020968 0.038117
