0 0.226667 0.471850 0.063333 0.520107
0 0.388333 0.532172 0.063333 0.394102
0 0.550000 0.471850 0.066667 0.520107
0 0.710000 0.631367 0.066667 0.201072
0 0.869167 0.504021 0.065000 0.455764
1 0.228333 0.768097 0.070000 0.040214
1 0.386667 0.766756 0.083333 0.058981
1 0.550000 0.766756 0.083333 0.053619
1 0.715000 0.765416 0.113333 0.040214
1 0.870000 0.770777 0.076667 0.045576
2 0.115000 0.151475 0.046667 0.056300
2 0.114167 0.213137 0.038333 0.050938
2 0.115833 0.273458 0.041667 0.064343
2 0.115833 0.340483 0.038333 0.042895
2 0.116667 0.406166 0.040000 0.050938
2 0.115833 0.471850 0.041667 0.048257
2 0.115000 0.538874 0.043333 0.032172
2 0.112500 0.601877 0.048333 0.040214
2 0.119167 0.667560 0.041667 0.048257
2 0.114167 0.731903 0.041667 0.058981
